fecha	alpha	lambda	tree_method	grow_policy	max_bin	max_leaves	scale_pos_weight	eta	colsample_bytree	min_child_weight	max_depth	gamma	subsample	nrounds	ganancia	iteracion
20230719 144501	0	0	auto	depthwise	256	0	7.16421936789185	0.8982124343951	0.616548726699936	653	302	35	0.372404618763539	392	0.846977453338478	1
20230719 145120	0	0	auto	depthwise	256	0	7.16421936789185	0.8982124343951	0.616548726699936	653	302	35	0.372404618763539	392	0.846977453338478	2
20230719 145143	0	0	auto	depthwise	256	0	7.16421936789185	0.540128238665348	0.751801042018148	566	729	5	0.613545713640633	10	0.853640419039979	3
20230719 145219	0	0	auto	depthwise	256	0	7.16421936789185	0.467534725701844	0.828076960922529	729	541	51	0.633635042744572	138	0.853283467713429	4
20230719 145309	0	0	auto	depthwise	256	0	7.16421936789185	0.285516184593725	0.554820301189708	21	492	58	0.926040442107478	239	0.855742011656827	5
20230719 145416	0	0	auto	depthwise	256	0	7.16421936789185	0.336318409524392	0.368805029724414	670	152	59	0.558021187302074	338	0.853062470616125	6
20230719 145500	0	0	auto	depthwise	256	0	7.16421936789185	0.250065120057843	0.229340004160379	280	782	95	0.853181180937099	185	0.852983489047143	7
20230719 145553	0	0	auto	depthwise	256	0	7.16421936789185	0.612382920098607	0.595317886901709	444	705	70	0.39448152246041	257	0.852093566979956	8
20230719 145629	0	0	auto	depthwise	256	0	7.16421936789185	0.76122675738472	0.487523269622276	540	556	25	0.777962991058303	133	0.853126777894802	9
20230719 145720	0	0	auto	depthwise	256	0	7.16421936789185	0.34072318984603	0.854976139714321	973	609	19	0.576862480462296	211	0.853033395818861	10
20230719 145804	0	0	auto	depthwise	256	0	7.16421936789185	0.69112856323336	0.257653000857681	180	101	44	0.340749529503228	191	0.852112774215842	11
20230719 145944	0	0	auto	depthwise	256	0	7.16421936789185	0.0981102494202787	0.887233221911204	394	272	76	0.506255847431021	508	0.854413281248877	12
20230719 150020	0	0	auto	depthwise	256	0	7.16421936789185	0.658731789413432	0.274420185394896	369	391	89	0.709748202199989	135	0.851401613297897	13
20230719 150100	0	0	auto	depthwise	256	0	7.16421936789185	0.406903408486396	0.993935683160089	162	818	38	0.737628735812905	167	0.855599626508295	14
20230719 150136	0	0	auto	depthwise	256	0	7.16421936789185	0.437748799358669	0.502259372787861	934	365	11	0.270322146425315	101	0.850557748160892	15
20230719 150222	0	0	auto	depthwise	256	0	7.16421936789185	0.575360927736037	0.447169530236473	814	987	83	0.818809098549536	216	0.852423144629078	16
20230719 150243	0	0	auto	depthwise	256	0	7.16421936789185	0.848198757518257	0.355406647602407	98	899	13	0.473533067000972	21	0.850608078300432	17
20230719 150322	0	0	auto	depthwise	256	0	7.16421936789185	0.177337929251953	0.699273443136675	235	855	99	0.975878598626878	149	0.854848730680603	18
20230719 150340	0	0	auto	depthwise	256	0	7.16421936789185	0.939666245502885	0.769855812688669	294	235	66	0.406556332432956	1	0.838368011908321	19
20230719 150413	0	0	auto	depthwise	256	0	7.16421936789185	0.171493126108544	0.647276645689271	474	444	2	0.672676176196546	28	0.855525797768407	20
20230719 150531	0	0	auto	depthwise	256	0	7.16421936789185	0.0723645352452877	0.723587252541135	755	81	85	0.892964435544854	365	0.854360916749039	21
20230719 150553	0	0	auto	depthwise	256	0	7.16421936789185	0.822125773358857	0.309280597255565	878	197	46	0.803712926019216	46	0.852252071549025	22
20230719 150612	0	0	auto	depthwise	256	0	7.16421936789185	0.975348143809533	0.954584138072096	846	938	33	0.45096079025825	1	0.833425825198706	23
20230719 151709	0	0	auto	depthwise	256	0	7.16421936789185	0.0103244109870866	0.424222238066917	589	660	72	0.308098826790228	3687	0.850994407136556	24
20230719 151725	0	0	auto	depthwise	256	0	7.16421936789185	0.736756333041412	0.920777104655281	52	33	24	0.966092499220395	1	0.852252955523932	25
20230719 151808	0	0	auto	depthwise	256	0	7.16421936789185	0.300229613451192	0.873427337832666	87	127	22	0.992802492708134	142	0.856910146279917	26
20230719 151830	0	0	auto	depthwise	256	0	7.16421936789185	0.479659784682871	0.923307535754079	1	17	1	0.997611329366349	4	0.840802785874087	27
20230719 152005	0	0	auto	depthwise	256	0	7.16421936789185	0.318029475949752	0.998747389410168	208	853	41	0.755747863055457	528	0.856217092815542	28
20230719 152042	0	0	auto	depthwise	256	0	7.16421936789185	0.223334738026824	0.98174876953105	150	53	32	0.914266201140324	127	0.85698002596213	29
20230719 152106	0	0	auto	depthwise	256	0	7.16421936789185	0.272224154056623	0.939112284245563	324	310	25	0.953906603565558	47	0.856052409622588	30
20230719 152259	0	0	auto	depthwise	256	0	7.16421936789185	0.158977250769069	0.847121150226826	14	7	32	0.991841290500143	664	0.856968949938662	31
20230719 152329	0	0	auto	depthwise	256	0	7.16421936789185	0.296354199026989	0.998165883033016	1	106	97	0.849604559471367	90	0.85455481011792	32
20230719 152354	0	0	auto	depthwise	256	0	7.16421936789185	0.198032449220288	0.555826723057133	62	133	5	0.995443388402882	20	0.855393307371108	33
20230719 152546	0	0	auto	depthwise	256	0	7.16421936789185	0.165188918484423	0.951297725359965	679	5	47	0.901842904163789	648	0.854945985116132	34
20230719 152639	0	0	auto	depthwise	256	0	7.16421936789185	0.155327808075796	0.999304980419275	0	607	13	0.845916601954164	189	0.85091755773689	35
20230719 152832	0	0	auto	depthwise	256	0	7.16421936789185	0.221728599268818	0.7682925098686	169	2	43	0.652245669781252	618	0.855795466945668	36
20230719 152902	0	0	auto	depthwise	256	0	7.16421936789185	0.362192097138027	0.705346051573954	266	966	67	0.994585182481957	65	0.854742200761182	37
20230719 152927	0	0	auto	depthwise	256	0	7.16421936789185	0.147471928431557	0.633091963539679	220	65	84	0.999795858216176	36	0.855053052006682	38
20230719 153008	0	0	auto	depthwise	256	0	7.16421936789185	0.399537829801905	0.952038914077238	493	997	58	0.407144071971696	161	0.853214733586226	39
20230719 153030	0	0	auto	depthwise	256	0	7.16421936789185	0.325931076970844	0.878298106978534	124	499	31	0.997421882198448	33	0.856501880269344	40
20230719 153220	0	0	auto	depthwise	256	0	7.16421936789185	0.182029481787654	0.882056907245223	174	2	38	0.998005429722255	639	0.855549987962024	41
20230719 153319	0	0	auto	depthwise	256	0	7.16421936789185	0.119067308635051	0.478276447955257	600	5	0	0.526031841901477	162	0.854959442596392	42
20230719 153340	0	0	auto	depthwise	256	0	7.16421936789185	0.243499881369904	0.976541551015684	0	16	8	0.977301916504831	11	0.850801677820225	43
20230719 153513	0	0	auto	depthwise	256	0	7.16421936789185	0.279295928732456	0.662406313270106	9	98	27	0.791735938581579	503	0.856669069030563	44
20230719 153607	0	0	auto	depthwise	256	0	7.16421936789185	0.14294319545077	0.625454247235856	176	129	22	0.914813151587806	216	0.857168233712911	45
20230719 153737	0	0	auto	depthwise	256	0	7.16421936789185	0.306740697905235	0.981978054826105	30	203	51	0.823656745481996	507	0.856305079616452	46
20230719 153857	0	0	auto	depthwise	256	0	7.16421936789185	0.226176662726569	0.804444414945434	7	19	26	0.740798721285869	399	0.857016387935775	47
20230719 154004	0	0	auto	depthwise	256	0	7.16421936789185	0.572259829414006	0.659309381612991	321	997	30	0.652905079250468	290	0.854194720031778	48
20230719 154106	0	0	auto	depthwise	256	0	7.16421936789185	0.296531291365961	0.831033944460002	212	2	31	0.973846923783948	307	0.855688108413816	49
20230719 154225	0	0	auto	depthwise	256	0	7.16421936789185	0.168887986378168	0.831920863068336	0	161	31	0.471569789279474	361	0.856436375047855	50
20230719 154251	0	0	auto	depthwise	256	0	7.16421936789185	0.212397102074231	0.432587342422321	513	280	17	0.996769226540537	46	0.85594463488864	51
20230719 154331	0	0	auto	depthwise	256	0	7.16421936789185	0.300897639853742	0.81792977074917	8	717	0	0.510421221042306	4	0.837488429003709	52
20230719 154403	0	0	auto	depthwise	256	0	7.16421936789185	0.164104285087604	0.455414756972713	814	82	4	0.992827541605544	56	0.855603294476652	53
20230719 154501	0	0	auto	depthwise	256	0	7.16421936789185	0.197130821906943	0.568449074763936	83	83	21	0.996966518520376	258	0.857398799962395	54
20230719 154539	0	0	auto	depthwise	256	0	7.16421936789185	0.113528857348524	0.629374278683804	501	136	7	0.988404213194294	79	0.856374324133584	55
20230719 154612	0	0	auto	depthwise	256	0	7.16421936789185	0.600195685632299	0.482389063125035	996	661	16	0.571977296367397	94	0.852084862783321	56
20230719 154705	0	0	auto	depthwise	256	0	7.16421936789185	0.221270244390376	0.995440110048466	640	477	73	0.724196528251482	239	0.854479726670978	57
20230719 154805	0	0	auto	depthwise	256	0	7.16421936789185	0.133137951736536	0.200856003583853	165	139	7	0.997626028686248	229	0.856937054095926	58
20230719 154857	0	0	auto	depthwise	256	0	7.16421936789185	0.163787132378682	0.996949871948095	0	845	74	0.842119326187673	220	0.855599242527869	59
20230719 154931	0	0	auto	depthwise	256	0	7.16421936789185	0.600578293650596	0.201736623752633	586	315	9	0.943713266443061	116	0.854441940359493	60
20230719 154958	0	0	auto	depthwise	256	0	7.16421936789185	0.343407615847483	0.927732543602765	868	766	44	0.998406255406744	14	0.854670591607592	61
20230719 155118	0	0	auto	depthwise	256	0	7.16421936789185	0.144065274820304	0.988398258628758	74	538	47	0.766731305593761	403	0.856744783093346	62
20230719 155329	0	0	auto	depthwise	256	0	7.16421936789185	0.192012084440246	0.867093577740488	77	201	27	0.896689634436877	764	0.85754740903806	63
20230719 160128	0	0	auto	depthwise	256	0	7.16421936789185	0.0103547719479853	0.448055415327601	100	63	7	0.98401765365509	2222	0.857979736581128	64
20230719 160205	0	0	auto	depthwise	256	0	7.16421936789185	0.173423224966551	0.469265580476432	655	1000	5	0.959398916565903	39	0.85590275305479	65
20230719 160415	0	0	auto	depthwise	256	0	7.16421936789185	0.0745712534187263	0.45098885415769	92	2	11	0.986034210594859	709	0.856706547068403	66
20230719 160857	0	0	auto	depthwise	256	0	7.16421936789185	0.0105592218982754	0.369531858689261	274	239	2	0.998465869453397	673	0.856599719603077	67
20230719 163544	0	0	auto	depthwise	256	0	7.16421936789185	0.0100927276274994	0.981073356950399	25	104	38	0.664505052956992	9981	0.857491150736286	68
20230719 170151	0	0	auto	depthwise	256	0	7.16421936789185	0.0134302078860877	0.985173152961943	0	87	61	0.661655368154255	9992	0.856561061685948	69
20230719 171229	0	0	auto	depthwise	256	0	7.16421936789185	0.0104140627130523	0.99572249614199	696	587	22	0.732104427144966	3239	0.855418380342729	70
20230719 173919	0	0	auto	depthwise	256	0	7.16421936789185	0.01014107202167	0.880445685810994	2	397	91	0.610706888354656	9999	0.85524846828934	71
20230719 173952	0	0	auto	depthwise	256	0	7.16421936789185	0.523738638794223	0.220279271799134	529	798	43	0.989926556506018	51	0.853860208828866	72
20230719 174602	0	0	auto	depthwise	256	0	7.16421936789185	0.010162851787756	0.999846187690514	997	705	54	0.91466378861567	1827	0.854554551827105	73
20230719 174640	0	0	auto	depthwise	256	0	7.16421936789185	0.240440706903837	0.692257193176748	627	457	21	0.742893441969235	117	0.855482572695625	74
20230719 181304	0	0	auto	depthwise	256	0	7.16421936789185	0.0101169957144192	0.418021337799422	15	350	23	0.879810071940458	9702	0.858119732269784	75
20230719 183952	0	0	auto	depthwise	256	0	7.16421936789185	0.0100474974830727	0.692100566622754	72	367	24	0.794290238225628	9949	0.857907261389805	76
20230719 184603	0	0	auto	depthwise	256	0	7.16421936789185	0.0101092772129818	0.709191441767779	1	831	46	0.990432357058475	1737	0.856790077399851	77
20230719 191256	0	0	auto	depthwise	256	0	7.16421936789185	0.0101630202998695	0.531192190564664	4	293	33	0.750232833545546	9971	0.85785976154858	78
20230719 191932	0	0	auto	depthwise	256	0	7.16421936789185	0.0104439301783842	0.473535923255212	857	469	6	0.658103752983234	1422	0.854882784632908	79
20230719 194535	0	0	auto	depthwise	256	0	7.16421936789185	0.0107629321344646	0.78044569540394	6	119	27	0.895455453606059	9928	0.857870933230937	80
20230719 194604	0	0	auto	depthwise	256	0	7.16421936789185	0.319809559393844	0.999718911497774	996	14	100	0.990098359587401	21	0.853284765978432	81
20230719 201242	0	0	auto	depthwise	256	0	7.16421936789185	0.0101536087546265	0.485520196601242	86	999	32	0.764689430417042	9992	0.857429984659783	82
20230719 203931	0	0	auto	depthwise	256	0	7.16421936789185	0.0101419944344214	0.200707752570003	40	799	42	0.766077420213341	9999	0.856452890570973	83
20230719 204043	0	0	auto	depthwise	256	0	7.16421936789185	0.100769051526898	0.76190007188621	548	999	41	0.731959407610851	249	0.855429442976779	84
20230719 210240	0	0	auto	depthwise	256	0	7.16421936789185	0.0102842661255927	0.996346064190327	412	2	100	0.970524295746811	8630	0.852613996637243	85
20230719 212710	0	0	auto	depthwise	256	0	7.16421936789185	0.0106329867306375	0.458700400210454	53	119	23	0.625480309167094	8350	0.858008180537951	86
20230719 212900	0	0	auto	depthwise	256	0	7.16421936789185	0.175678639122346	0.695316187523592	0	50	82	0.25111649192804	555	0.853633448407319	87
20230719 212927	0	0	auto	depthwise	256	0	7.16421936789185	0.457691170228404	0.993777862750366	51	999	90	0.955737653665954	77	0.854002953866412	88
20230719 212946	0	0	auto	depthwise	256	0	7.16421936789185	0.596552094478671	0.355581755543761	1000	4	66	0.99938301993097	23	0.852262339544649	89
20230719 215536	0	0	auto	depthwise	256	0	7.16421936789185	0.0106133049899902	0.995273377783168	126	1000	56	0.71208046543347	9999	0.856388902387442	90
20230719 215706	0	0	auto	depthwise	256	0	7.16421936789185	0.112351012838402	0.998740939281825	1000	102	42	0.427088300396617	382	0.852235376913461	91
20230719 215748	0	0	auto	depthwise	256	0	7.16421936789185	0.193444282063566	0.437656283490813	6	1000	49	0.949614113289654	151	0.856269438020622	92
20230719 220703	0	0	auto	depthwise	256	0	7.16421936789185	0.0105551755709406	0.451411573423969	36	999	65	0.93398536100396	3030	0.856089961646923	93
20230719 221820	0	0	auto	depthwise	256	0	7.16421936789185	0.010299960256558	0.201045542144695	44	209	6	0.893385209542313	3254	0.857957533323848	94
20230719 221900	0	0	auto	depthwise	256	0	7.16421936789185	0.139484342758183	0.996907988990469	976	960	90	0.964132842579497	81	0.854093100981779	95
20230719 224543	0	0	auto	depthwise	256	0	7.16421936789185	0.0101183682004928	0.66193649354455	37	154	23	0.748097766954608	9980	0.858183343261774	96
20230719 231243	0	0	auto	depthwise	256	0	7.16421936789185	0.0112291072308973	0.498857625597483	9	166	51	0.596956976647834	9805	0.856854786125853	97
20230719 231312	0	0	auto	depthwise	256	0	7.16421936789185	0.374497146119854	0.968562542832733	528	999	22	0.999986790228254	35	0.855348970370664	98
20230719 231344	0	0	auto	depthwise	256	0	7.16421936789185	0.803303332842435	0.239688367158787	610	5	4	0.404170501861833	74	0.849761516105926	99
20230719 231652	0	0	auto	depthwise	256	0	7.16421936789185	0.0175297438776396	0.901504178878006	999	911	0	0.996167032463886	424	0.85539292432237	100
20230719 234335	0	0	auto	depthwise	256	0	7.16421936789185	0.0100290392039064	0.607706616014916	47	987	43	0.250813390821919	9977	0.856120887728739	101
20230719 234406	0	0	auto	depthwise	256	0	7.16421936789185	0.368821723120529	0.999333922100894	511	446	90	0.998647512178803	15	0.853893873917554	102
20230719 234719	0	0	auto	depthwise	256	0	7.16421936789185	0.0112448559066149	0.773311048352511	997	986	24	0.996559970575876	586	0.855216995157805	103
20230719 234932	0	0	auto	depthwise	256	0	7.16421936789185	0.0940682671029686	0.690872580684851	0	999	56	0.658935093577224	703	0.856539061959375	104
20230719 235006	0	0	auto	depthwise	256	0	7.16421936789185	0.553967434206528	0.939955506887855	639	153	21	0.989012401890768	125	0.854725611183695	105
20230720 001709	0	0	auto	depthwise	256	0	7.16421936789185	0.0106241249070176	0.521403369261953	63	152	24	0.7122002217568	9983	0.858003842759848	106
20230720 001744	0	0	auto	depthwise	256	0	7.16421936789185	0.43175570446286	0.478156015790767	998	999	0	0.993957598409977	23	0.854329438646949	107
20230720 001817	0	0	auto	depthwise	256	0	7.16421936789185	0.651649820712208	0.326989472658516	0	998	41	0.985214305767129	126	0.853191929824282	108
20230720 001855	0	0	auto	depthwise	256	0	7.16421936789185	0.173420524616923	0.217352456900609	1000	979	52	0.993455235131648	124	0.853551139200958	109
20230720 003904	0	0	auto	depthwise	256	0	7.16421936789185	0.0102712820469935	0.454664406604827	13	209	18	0.840266881299328	6968	0.858373616831062	110
20230720 005105	0	0	auto	depthwise	256	0	7.16421936789185	0.0100771458889247	0.241349175650764	419	1000	19	0.2891200847215	3675	0.853952001398846	111
20230720 005228	0	0	auto	depthwise	256	0	7.16421936789185	0.523378338481133	0.783883702798818	845	397	100	0.251292225195887	408	0.847917961226736	112
20230720 005301	0	0	auto	depthwise	256	0	7.16421936789185	0.166917058803857	0.999195100956118	868	736	10	0.999591429674453	73	0.85573963448526	113
20230720 010400	0	0	auto	depthwise	256	0	7.16421936789185	0.0100298461079692	0.412083433548897	98	211	8	0.863911555283756	3297	0.858019986216342	114
20230720 011245	0	0	auto	depthwise	256	0	7.16421936789185	0.0119730990289861	0.532180411587139	0	994	100	0.933913892652876	2963	0.855195770956523	115
20230720 011304	0	0	auto	depthwise	256	0	7.16421936789185	0.549491405220012	0.60203541220572	730	997	10	0.998077008267113	18	0.854922396763803	116
20230720 011438	0	0	auto	depthwise	256	0	7.16421936789185	0.0448192964275526	0.95318308699888	143	999	35	0.989708080299991	399	0.856781072157886	117
20230720 014049	0	0	auto	depthwise	256	0	7.16421936789185	0.0103853563053005	0.699780912473619	44	216	20	0.970398457793934	9911	0.857920502378264	118
20230720 014944	0	0	auto	depthwise	256	0	7.16421936789185	0.0206303404209707	0.403336660015374	0	314	78	0.847769429175191	3137	0.855740373047784	119
20230720 015454	0	0	auto	depthwise	256	0	7.16421936789185	0.0155704838266177	0.897183241811143	157	999	84	0.999233690951291	1715	0.855187146173992	120
20230720 015545	0	0	auto	depthwise	256	0	7.16421936789185	0.134934627953913	0.397603475	657	449	0	0.99939877780865	64	0.855662840376524	121
20230720 022244	0	0	auto	depthwise	256	0	7.16421936789185	0.0107033146942449	0.816287079800003	2	924	37	0.667956521408956	9977	0.857733855633269	122
20230720 022353	0	0	auto	depthwise	256	0	7.16421936789185	0.44696396762431	0.200079784268192	1	998	73	0.532383153873025	300	0.853241039624267	123
20230720 024612	0	0	auto	depthwise	256	0	7.16421936789185	0.0103468271522559	0.348815937385506	0	159	20	0.791759047345834	7680	0.858305010946853	124
20230720 024642	0	0	auto	depthwise	256	0	7.16421936789185	0.268825448165246	0.567864773585154	0	896	86	0.998560704780537	46	0.854808154305891	125
20230720 024707	0	0	auto	depthwise	256	0	7.16421936789185	0.166661114485208	0.948270539132553	1000	6	71	0.999959999012341	42	0.854256607621848	126
20230720 024751	0	0	auto	depthwise	256	0	7.16421936789185	0.132685034890732	0.225437553080258	1000	382	100	0.995703303541513	169	0.852445598390205	127
20230720 025520	0	0	auto	depthwise	256	0	7.16421936789185	0.0100100371870594	0.338500761555274	5	904	19	0.987882759295433	2119	0.858062576396177	128
20230720 031225	0	0	auto	depthwise	256	0	7.16421936789185	0.0102534324476909	0.21516297896354	133	999	15	0.98596207120765	5834	0.857321678897201	129
20230720 031305	0	0	auto	depthwise	256	0	7.16421936789185	0.249386564351248	0.947972779830718	32	998	41	0.987814212046501	110	0.8565863516778	130
20230720 033352	0	0	auto	depthwise	256	0	7.16421936789185	0.0113304380363119	0.389103880057282	0	264	20	0.64688605004047	7039	0.858390114307257	131
20230720 033432	0	0	auto	depthwise	256	0	7.16421936789185	0.136167105629371	0.999754905428433	732	1000	59	0.99398248101277	80	0.85492025429729	132
20230720 040158	0	0	auto	depthwise	256	0	7.16421936789185	0.0103798110103147	0.826647370479035	0	212	30	0.641306233552044	9970	0.858040758960371	133
20230720 042427	0	0	auto	depthwise	256	0	7.16421936789185	0.01014539123748	0.290163379717447	0	954	22	0.728733128040203	7656	0.858142242332232	134
20230720 042522	0	0	auto	depthwise	256	0	7.16421936789185	0.35474186268365	0.224991731651097	122	981	24	0.997985391025094	201	0.855899579529653	135
20230720 042624	0	0	auto	depthwise	256	0	7.16421936789185	0.178931766302102	0.200019713190967	1000	882	4	0.833176777997272	245	0.854329824756461	136
20230720 045330	0	0	auto	depthwise	256	0	7.16421936789185	0.0102678843417366	0.38355439098436	0	573	22	0.726752163243011	9979	0.85827357378867	137
20230720 052140	0	0	auto	depthwise	256	0	7.16421936789185	0.0108068485335043	0.270343826094353	0	808	28	0.486311360884053	9970	0.857692744877605	138
20230720 054904	0	0	auto	depthwise	256	0	7.16421936789185	0.0102127426294977	0.210344586738832	0	795	23	0.687628649148269	9957	0.85782039578992	139
20230720 061516	0	0	auto	depthwise	256	0	7.16421936789185	0.0100622049665678	0.455845099499288	1	990	23	0.943071427510462	9756	0.858015288780021	140
20230720 062007	0	0	auto	depthwise	256	0	7.16421936789185	0.0101303929064634	0.327274208001881	73	974	6	0.992683612983901	888	0.857912185433953	141
20230720 062509	0	0	auto	depthwise	256	0	7.16421936789185	0.0100407094195788	0.564533404730383	478	944	5	0.947951301497338	978	0.856513154616094	142
20230720 062606	0	0	auto	depthwise	256	0	7.16421936789185	0.140285561546419	0.363089370430975	0	192	24	0.715281605988206	232	0.857230217798726	143
20230720 062710	0	0	auto	depthwise	256	0	7.16421936789185	0.520515952288957	0.393910219534126	466	317	21	0.677468258287322	266	0.855074890334726	144
20230720 062745	0	0	auto	depthwise	256	0	7.16421936789185	0.202980310058874	0.97012462642631	1000	58	0	0.900857704641363	47	0.854732859984026	145
20230720 064757	0	0	auto	depthwise	256	0	7.16421936789185	0.0101359319052828	0.31533739433971	0	201	23	0.28883614461078	6706	0.857679135934406	146
20230720 064840	0	0	auto	depthwise	256	0	7.16421936789185	0.226143305783275	0.330499139144615	459	54	4	0.891437591432	48	0.855684903099155	147
20230720 064919	0	0	auto	depthwise	256	0	7.16421936789185	0.644651231515903	0.207503519934708	706	96	40	0.623885952316644	159	0.851662543091374	148
20230720 065036	0	0	auto	depthwise	256	0	7.16421936789185	0.371858622775087	0.398957410701172	100	1000	47	0.712210676908117	405	0.855599039888953	149
20230720 071747	0	0	auto	depthwise	256	0	7.16421936789185	0.0102304158969884	0.292570332104244	0	259	35	0.369247857884535	9973	0.857090597899179	150
20230720 071821	0	0	auto	depthwise	256	0	7.16421936789185	0.505753063097701	0.362374849059849	1	139	100	0.999841702776412	66	0.853347771524929	151
20230720 074106	0	0	auto	depthwise	256	0	7.16421936789185	0.0101961542140861	0.970468377901916	1	143	26	0.743377926034318	7891	0.85791749774074	152
20230720 074512	0	0	auto	depthwise	256	0	7.16421936789185	0.0935997700420246	0.209579942615249	2	34	100	0.483888187090965	1369	0.852791772165375	153
20230720 074532	0	0	auto	depthwise	256	0	7.16421936789185	0.33998634778224	0.534310038357099	1000	742	79	0.999410619595344	20	0.853496024703	154
20230720 075125	0	0	auto	depthwise	256	0	7.16421936789185	0.0104741353627879	0.311617721092642	74	599	7	0.994319372986051	1386	0.8580550134905	155
20230720 081819	0	0	auto	depthwise	256	0	7.16421936789185	0.010088877314237	0.417847671594451	39	835	20	0.815796190910428	9943	0.85820953756238	156
20230720 081855	0	0	auto	depthwise	256	0	7.16421936789185	0.830218888506936	0.200480183692618	146	255	22	0.997840274091861	83	0.852602484596657	157
20230720 081917	0	0	auto	depthwise	256	0	7.16421936789185	0.819140482038219	0.271839045367003	999	117	100	0.973903986012828	34	0.84977468442598	158
20230720 084535	0	0	auto	depthwise	256	0	7.16421936789185	0.0103758346439152	0.498394814821151	2	285	20	0.884406237159673	9681	0.858227279937418	159
20230720 084607	0	0	auto	depthwise	256	0	7.16421936789185	0.539234071132613	0.997068006536365	1	4	77	0.986099840693049	18	0.853723952040735	160
20230720 085645	0	0	auto	depthwise	256	0	7.16421936789185	0.0100016182178765	0.85645049407795	157	992	24	0.687460276595937	3236	0.857114664412901	161
20230720 090709	0	0	auto	depthwise	256	0	7.16421936789185	0.0104248609913262	0.819310080748168	1000	952	1	0.251227132390836	2317	0.851811583060991	162
20230720 090746	0	0	auto	depthwise	256	0	7.16421936789185	0.152039555902142	0.999296669323889	474	21	23	0.250543343034948	48	0.852617020916626	163
20230720 091212	0	0	auto	depthwise	256	0	7.16421936789185	0.0529363257827367	0.880945723598841	0	178	34	0.752418553072147	1518	0.857347443476292	164
20230720 091248	0	0	auto	depthwise	256	0	7.16421936789185	0.161486526258813	0.428268879264906	165	994	22	0.999834570419783	97	0.857055858988903	165
20230720 093808	0	0	auto	depthwise	256	0	7.16421936789185	0.010176718729188	0.360280760417753	21	485	19	0.754986926663356	8889	0.85829302088906	166
20230720 100517	0	0	auto	depthwise	256	0	7.16421936789185	0.0100444296760874	0.405979413619651	2	919	26	0.717517211511793	9994	0.858189811458834	167
20230720 100552	0	0	auto	depthwise	256	0	7.16421936789185	0.587055569413222	0.339329301136527	414	952	16	0.997993716093537	68	0.854593015222287	168
20230720 101806	0	0	auto	depthwise	256	0	7.16421936789185	0.010166339474787	0.357330746704691	1	460	19	0.464819931202306	3671	0.858239748488241	169
20230720 102243	0	0	auto	depthwise	256	0	7.16421936789185	0.0100907115544995	0.33252704482408	5	106	7	0.388799259093026	678	0.857726135661728	170
20230720 102303	0	0	auto	depthwise	256	0	7.16421936789185	0.355416116552942	0.621307823637538	719	300	9	0.999708460371142	21	0.8557600646089	171
20230720 102402	0	0	auto	depthwise	256	0	7.16421936789185	0.530744600155241	0.997304063750317	133	992	54	0.963455023095817	334	0.855027985681557	172
20230720 102620	0	0	auto	depthwise	256	0	7.16421936789185	0.089533710664159	0.995642521532627	0	1000	100	0.258495079095545	779	0.852941374448261	173
20230720 105212	0	0	auto	depthwise	256	0	7.16421936789185	0.0102625218726467	0.373278615107814	0	194	18	0.71187613216625	8997	0.858371984441197	174
20230720 105253	0	0	auto	depthwise	256	0	7.16421936789185	0.414093207779446	0.200148306450453	1000	518	20	0.997738628557465	96	0.853741950948548	175
20230720 105346	0	0	auto	depthwise	256	0	7.16421936789185	0.209175071985626	0.823701828470544	415	897	53	0.781093063447309	224	0.855125446247839	176
20230720 105713	0	0	auto	depthwise	256	0	7.16421936789185	0.0100512529344611	0.523973577437596	41	156	4	0.980209858271175	277	0.856575299482874	177
20230720 110513	0	0	auto	depthwise	256	0	7.16421936789185	0.0100929282931816	0.254675283637814	14	645	9	0.602607892977647	2009	0.858278271411179	178
20230720 110640	0	0	auto	depthwise	256	0	7.16421936789185	0.150432209319022	0.883719729968635	0	212	57	0.745494876227928	394	0.856348465210266	179
20230720 111453	0	0	auto	depthwise	256	0	7.16421936789185	0.0100725168108882	0.211154823610542	141	860	7	0.602091212600501	2029	0.857002533982881	180
20230720 114151	0	0	auto	depthwise	256	0	7.16421936789185	0.0103825891206735	0.593571970825277	0	651	67	0.520076150228586	9942	0.856083614668334	181
20230720 115450	0	0	auto	depthwise	256	0	7.16421936789185	0.0100903593149091	0.311313946216313	1	972	14	0.615094941752102	3889	0.858204017197427	182
20230720 115548	0	0	auto	depthwise	256	0	7.16421936789185	0.362430943541253	0.322270256577627	1	39	73	0.946008754968384	229	0.854641713007393	183
20230720 122118	0	0	auto	depthwise	256	0	7.16421936789185	0.0100395115770744	0.886829444085942	175	88	21	0.81116306034698	8993	0.857267541808604	184
20230720 122716	0	0	auto	depthwise	256	0	7.16421936789185	0.0100589057258098	0.983239475122479	1000	30	14	0.95918853849599	1452	0.855340977657999	185
20230720 123707	0	0	auto	depthwise	256	0	7.16421936789185	0.010124355315733	0.271805271864449	6	205	11	0.586899554339	2737	0.858359647116286	186
20230720 123800	0	0	auto	depthwise	256	0	7.16421936789185	0.0979624330226848	0.995559237383761	0	10	87	0.999548680759183	164	0.855397139573351	187
20230720 123822	0	0	auto	depthwise	256	0	7.16421936789185	0.550039019332234	0.201506993058919	2	390	61	0.981317310541075	44	0.853949186501773	188
20230720 125748	0	0	auto	depthwise	256	0	7.16421936789185	0.0100318254990385	0.390772162187605	16	398	14	0.832137528074749	6579	0.858527204693406	189
20230720 130149	0	0	auto	depthwise	256	0	7.16421936789185	0.145672020157513	0.215469289333244	2	405	63	0.63818773685055	1362	0.855203495606887	190
20230720 130253	0	0	auto	depthwise	256	0	7.16421936789185	0.129917566554724	0.480228197752404	4	1000	39	0.677311110364404	261	0.857018313373169	191
20230720 132938	0	0	auto	depthwise	256	0	7.16421936789185	0.0100858220798008	0.285524294569302	107	63	11	0.910177326804646	9719	0.8579326684203	192
20230720 133007	0	0	auto	depthwise	256	0	7.16421936789185	0.523418799083143	0.900656628621569	1000	401	6	0.997999164573948	15	0.854699522834708	193
20230720 133025	0	0	auto	depthwise	256	0	7.16421936789185	0.676802426537732	0.782285950726425	1	782	100	0.98748823935156	10	0.852266827855206	194
20230720 133103	0	0	auto	depthwise	256	0	7.16421936789185	0.146005527468046	0.411542297479208	346	963	9	0.999702518344439	98	0.856658388047253	195
20230720 134240	0	0	auto	depthwise	256	0	7.16421936789185	0.0103700113572141	0.264197606561076	1	535	11	0.807276172715121	3492	0.858089254970605	196
20230720 134700	0	0	auto	depthwise	256	0	7.16421936789185	0.0104632019384266	0.515151450819631	894	5	50	0.999586508768593	974	0.854702057603218	197
20230720 134730	0	0	auto	depthwise	256	0	7.16421936789185	0.233764806982235	0.589537675545644	716	971	100	0.999300925321792	77	0.853936214043202	198
20230720 134803	0	0	auto	depthwise	256	0	7.16421936789185	0.429157652780291	0.205200962953062	730	2	85	0.996923636183793	97	0.852655937151835	199
20230720 134900	0	0	auto	depthwise	256	0	7.16421936789185	0.543762477893704	0.732808071495049	54	307	43	0.811081984512238	273	0.854979364809401	200
20230720 141354	0	0	auto	depthwise	256	0	7.16421936789185	0.0101459854360141	0.726008136019088	18	25	70	0.961843911784729	9182	0.856004559962161	201
20230720 142439	0	0	auto	depthwise	256	0	7.16421936789185	0.0101474504594729	0.358126395756191	30	265	14	0.988086031114864	3252	0.858227941847957	202
20230720 143041	0	0	auto	depthwise	256	0	7.16421936789185	0.010143757774854	0.479420023938746	361	365	8	0.528046286820933	1140	0.856435734570188	203
20230720 143106	0	0	auto	depthwise	256	0	7.16421936789185	0.727824934816932	0.408752798912085	1000	118	0	0.999804414313939	18	0.853293131823197	204
20230720 143140	0	0	auto	depthwise	256	0	7.16421936789185	0.542727274067473	0.202538141470316	2	681	34	0.250305976136593	97	0.851281207242355	205
20230720 145635	0	0	auto	depthwise	256	0	7.16421936789185	0.0101400602312828	0.418201488234848	20	288	16	0.769724294326093	8523	0.858474522490321	206
20230720 150727	0	0	auto	depthwise	256	0	7.16421936789185	0.0105743272705105	0.980158094482458	583	85	62	0.992078840793194	3726	0.854981671740747	207
20230720 150758	0	0	auto	depthwise	256	0	7.16421936789185	0.548331875916692	0.591782832459734	447	1000	100	0.982314697338621	17	0.852164763142822	208
20230720 150820	0	0	auto	depthwise	256	0	7.16421936789185	0.615224473477634	0.246721835060641	8	1000	79	0.999756075176759	31	0.852661707984754	209
20230720 151327	0	0	auto	depthwise	256	0	7.16421936789185	0.0101776226536293	0.546405765962363	256	729	14	0.999773132648214	1131	0.857237283977112	210
20230720 151424	0	0	auto	depthwise	256	0	7.16421936789185	0.351878678790823	0.992133469767923	127	301	77	0.643332364026111	245	0.85527796844666	211
20230720 151918	0	0	auto	depthwise	256	0	7.16421936789185	0.0101092865333104	0.998031452725523	462	988	20	0.995498914013017	1156	0.856101461952403	212
20230720 151955	0	0	auto	depthwise	256	0	7.16421936789185	0.176606983198612	0.660959506344056	1000	436	12	0.998460820381013	36	0.85544564241143	213
20230720 153309	0	0	auto	depthwise	256	0	7.16421936789185	0.0101712338256453	0.215522152836223	12	711	13	0.304994226358778	3962	0.857833980476742	214
20230720 153842	0	0	auto	depthwise	256	0	7.16421936789185	0.0109792705281186	0.205332216049716	893	1000	78	0.99932394574416	1449	0.853477782935489	215
20230720 153900	0	0	auto	depthwise	256	0	7.16421936789185	0.672390741511463	0.633137676964186	559	177	52	0.999938392827261	9	0.853288124384824	216
20230720 160634	0	0	auto	depthwise	256	0	7.16421936789185	0.0104819567587684	0.998490445817542	64	696	33	0.64930905780801	9991	0.857580652102554	217
20230720 163339	0	0	auto	depthwise	256	0	7.16421936789185	0.0103455417307512	0.983216622487555	0	365	46	0.282504176606781	9967	0.856929709300169	218
20230720 163417	0	0	auto	depthwise	256	0	7.16421936789185	0.459912695599482	0.519198879118431	551	677	17	0.973816991659248	68	0.855432737388167	219
20230720 165037	0	0	auto	depthwise	256	0	7.16421936789185	0.0105271240436598	0.671373051671171	1000	995	100	0.439342263044034	5675	0.850868634047083	220
20230720 165141	0	0	auto	depthwise	256	0	7.16421936789185	0.0923781715816279	0.559088242523726	425	1000	90	0.840735833578181	195	0.854350597895485	221
20230720 171842	0	0	auto	depthwise	256	0	7.16421936789185	0.0105303251412433	0.982830940202974	0	976	44	0.653634788788155	9999	0.857349552446898	222
20230720 171937	0	0	auto	depthwise	256	0	7.16421936789185	0.1670799574117	0.978314142839711	815	997	33	0.919063229695643	142	0.855192786628456	223
20230720 172007	0	0	auto	depthwise	256	0	7.16421936789185	0.776913745557123	0.22771138619327	584	900	0	0.999956631628564	28	0.852283785124901	224
20230720 172104	0	0	auto	depthwise	256	0	7.16421936789185	0.604661836272404	0.212122919868695	0	956	100	0.266844484397197	266	0.849245537695585	225
20230720 172213	0	0	auto	depthwise	256	0	7.16421936789185	0.430748545513642	0.960064902669165	57	5	61	0.250270372868428	334	0.853989551811772	226
20230720 172241	0	0	auto	depthwise	256	0	7.16421936789185	0.716102890794685	0.201489484257555	1000	996	60	0.998315351406898	59	0.851111763377939	227
20230720 172335	0	0	auto	depthwise	256	0	7.16421936789185	0.321077946628848	0.998963078651454	876	53	22	0.989961079952089	237	0.855132563910865	228
20230720 172424	0	0	auto	depthwise	256	0	7.16421936789185	0.104134481254355	0.200947191895934	624	4	70	0.989866167273446	153	0.8536469442153	229
20230720 172443	0	0	auto	depthwise	256	0	7.16421936789185	0.684165129244931	0.998689200585732	998	4	84	0.99677574064351	9	0.852228071270856	230
20230720 172513	0	0	auto	depthwise	256	0	7.16421936789185	0.119596443703763	0.573853753633402	1	395	99	0.99989476848916	39	0.854975832710841	231
20230720 175010	0	0	auto	depthwise	256	0	7.16421936789185	0.0100191343430007	0.391125766207851	10	982	22	0.595688273763442	8296	0.858298075643224	232
20230720 175040	0	0	auto	depthwise	256	0	7.16421936789185	0.413548250595884	0.999997431606842	757	19	69	0.999024946972687	14	0.85368953104426	233
20230720 175156	0	0	auto	depthwise	256	0	7.16421936789185	0.244827854742809	0.987331519221938	118	957	62	0.661979192003537	364	0.855914189462956	234
20230720 180618	0	0	auto	depthwise	256	0	7.16421936789185	0.0103201063554006	0.621376492513255	1	122	26	0.452867987245059	4416	0.858214547423914	235
20230720 182425	0	0	auto	depthwise	256	0	7.16421936789185	0.0103351316310515	0.992661445135919	1	73	31	0.328754046165757	5882	0.857770370806336	236
20230720 184528	0	0	auto	depthwise	256	0	7.16421936789185	0.0107682578649447	0.624742170662251	0	393	27	0.507168604473112	6797	0.858169886239579	237
20230720 185835	0	0	auto	depthwise	256	0	7.16421936789185	0.0102275664487786	0.293107462742536	4	27	14	0.598198754299141	3858	0.85834804641704	238
20230720 185909	0	0	auto	depthwise	256	0	7.16421936789185	0.627766248635788	0.630988514592038	808	501	0	0.998054068811242	11	0.854159711621025	239
20230720 185943	0	0	auto	depthwise	256	0	7.16421936789185	0.528161419308299	0.200477726409302	841	700	0	0.795180611368421	49	0.852791669550062	240
20230720 190409	0	0	auto	depthwise	256	0	7.16421936789185	0.0101107289969513	0.843874815442453	814	417	41	0.993093414087171	1023	0.855138875062663	241
20230720 193019	0	0	auto	depthwise	256	0	7.16421936789185	0.0132264835117686	0.998895645269167	91	2	73	0.33398633836955	9956	0.85447431725681	242
20230720 193135	0	0	auto	depthwise	256	0	7.16421936789185	0.248086390332836	0.200927391873291	2	320	40	0.763381576729198	287	0.85567177604994	243
20230720 193302	0	0	auto	depthwise	256	0	7.16421936789185	0.999416030602126	0.20292034763703	0	150	0	0.928648943620908	1	0.792807203631775	244
20230720 193403	0	0	auto	depthwise	256	0	7.16421936789185	0.815019592934835	0.203723739753791	139	965	54	0.361285669994642	291	0.8506537519751	245
20230720 193428	0	0	auto	depthwise	256	0	7.16421936789185	0.81886460162438	0.961276781915447	177	386	33	0.250032905815835	36	0.851392536823229	246
20230720 193455	0	0	auto	depthwise	256	0	7.16421936789185	0.321021095312238	0.349842891689243	106	209	26	0.981503003663445	59	0.856620130847365	247
20230720 194001	0	0	auto	depthwise	256	0	7.16421936789185	0.0257726674402653	0.379032010941946	1	394	15	0.663094625447862	1453	0.858070499968047	248
20230720 194027	0	0	auto	depthwise	256	0	7.16421936789185	0.699321777326202	0.234312643419048	140	527	19	0.998690560343692	45	0.855127630870404	249
20230720 194101	0	0	auto	depthwise	256	0	7.16421936789185	0.36461192602003	0.783575178082348	467	201	26	0.847261810103488	46	0.855668079341365	250
20230720 194122	0	0	auto	depthwise	256	0	7.16421936789185	0.774112975535808	0.349730670635039	51	218	73	0.998701331796266	19	0.851095478088772	251
20230720 194203	0	0	auto	depthwise	256	0	7.16421936789185	0.405135865495663	0.508503493666598	36	6	98	0.441969963769178	142	0.853037638562334	252
20230720 194230	0	0	auto	depthwise	256	0	7.16421936789185	0.815484656375504	0.842134835718348	999	429	20	0.997739941806551	35	0.852539336480587	253
20230720 194301	0	0	auto	depthwise	256	0	7.16421936789185	0.689651928472233	0.999897296985883	931	979	7	0.982015222385869	73	0.854018726218298	254
20230720 194639	0	0	auto	depthwise	256	0	7.16421936789185	0.0643208649848674	0.361810355183972	1	997	26	0.764992344300437	1145	0.857857585125908	255
20230720 194718	0	0	auto	depthwise	256	0	7.16421936789185	0.599480047631006	0.999602025627315	92	303	63	0.594233319566123	136	0.854117267329421	256
20230720 194750	0	0	auto	depthwise	256	0	7.16421936789185	0.805369004239032	0.676857105309062	188	990	27	0.985989197069201	103	0.852419100535442	257
20230720 194907	0	0	auto	depthwise	256	0	7.16421936789185	0.229607244453336	0.702129702108108	78	213	29	0.972509793672637	391	0.857137189832094	258
20230720 194934	0	0	auto	depthwise	256	0	7.16421936789185	0.816865789558362	0.593440277720681	999	998	8	0.25121897368968	29	0.84306518207357	259
20230720 195059	0	0	auto	depthwise	256	0	7.16421936789185	0.169721784816333	0.201374040252568	105	98	9	0.685962246400909	355	0.857031628657288	260
20230720 195129	0	0	auto	depthwise	256	0	7.16421936789185	0.681476808675825	0.979087108147985	966	6	17	0.99919544996293	30	0.853977613464724	261
20230720 195234	0	0	auto	depthwise	256	0	7.16421936789185	0.298965912597628	0.249721432349693	28	1000	44	0.993852002961387	292	0.855588841146005	262
20230720 195356	0	0	auto	depthwise	256	0	7.16421936789185	0.424138699233407	0.561580266882545	9	281	65	0.749385993014528	440	0.854968549124501	263
20230720 195544	0	0	auto	depthwise	256	0	7.16421936789185	0.106298561009266	0.206226741687685	18	993	31	0.993095114890576	535	0.856624648391542	264
20230720 195717	0	0	auto	depthwise	256	0	7.16421936789185	0.530107573978283	0.999364172044036	4	892	74	0.47738867060015	509	0.853657454459921	265
20230720 195741	0	0	auto	depthwise	256	0	7.16421936789185	0.597207676167809	0.999318138895314	943	796	41	0.995395685687484	32	0.853487028792032	266
20230720 195805	0	0	auto	depthwise	256	0	7.16421936789185	0.609950966051834	0.943089192253716	212	3	100	0.973217431097574	43	0.852840390393453	267
20230720 195828	0	0	auto	depthwise	256	0	7.16421936789185	0.845078522150244	0.998161539376095	713	958	97	0.948325443005831	39	0.851268231369101	268
20230720 195908	0	0	auto	depthwise	256	0	7.16421936789185	0.163459344058224	0.420560620886315	479	136	7	0.779560873924631	78	0.856100606953127	269
20230720 200122	0	0	auto	depthwise	256	0	7.16421936789185	0.200764152414348	0.200286741617307	57	773	26	0.665040847875091	698	0.856717523541465	270
20230720 200447	0	0	auto	depthwise	256	0	7.16421936789185	0.111129426230408	0.895381885089233	51	39	30	0.700130071894308	1088	0.85762264506046	271
20230720 200535	0	0	auto	depthwise	256	0	7.16421936789185	0.571595564421502	0.999267177967068	489	17	32	0.251286441673827	182	0.851316014350759	272
20230720 201315	0	0	auto	depthwise	256	0	7.16421936789185	0.0100806445365775	0.201546955928484	2	279	9	0.425408737663969	1798	0.857781348699913	273
20230720 202552	0	0	auto	depthwise	256	0	7.16421936789185	0.0100574232372609	0.52441963940575	2	722	22	0.346339234968489	3819	0.858098903334345	274
20230720 202732	0	0	auto	depthwise	256	0	7.16421936789185	0.0840490772210162	0.605485714833008	0	36	34	0.298353168551811	392	0.856406352964548	275
20230720 202839	0	0	auto	depthwise	256	0	7.16421936789185	0.0725685374717232	0.742017125866268	845	815	8	0.999982028994222	211	0.855893809369372	276
20230720 202922	0	0	auto	depthwise	256	0	7.16421936789185	0.515872433030284	0.200187075034157	87	2	75	0.265065684566898	166	0.851055666398192	277
20230720 203005	0	0	auto	depthwise	256	0	7.16421936789185	0.221004295294212	0.227267966965202	969	12	87	0.540792178645707	143	0.850038657678128	278
20230720 203049	0	0	auto	depthwise	256	0	7.16421936789185	0.787050669105501	0.200712092318775	7	286	27	0.412729430344388	147	0.851478122912195	279
20230720 203129	0	0	auto	depthwise	256	0	7.16421936789185	0.730390569421482	0.206185770072228	567	112	20	0.999532216951419	142	0.853251054557092	280
20230720 203149	0	0	auto	depthwise	256	0	7.16421936789185	0.830199324501205	0.999443461344228	644	64	51	0.998916149938239	7	0.853894971564748	281
20230720 203228	0	0	auto	depthwise	256	0	7.16421936789185	0.829918648921363	0.999056615936038	618	10	100	0.44857617726153	127	0.851185686603375	282
20230720 203747	0	0	auto	depthwise	256	0	7.16421936789185	0.0105369079319426	0.714445177902168	642	116	8	0.996998403365124	1217	0.856497919459556	283
20230720 205043	0	0	auto	depthwise	256	0	7.16421936789185	0.0100814956250399	0.346376762256592	1	683	15	0.651771893446513	3844	0.85827265430838	284
20230720 205148	0	0	auto	depthwise	256	0	7.16421936789185	0.330730903532381	0.999689753666901	48	973	100	0.724872822715828	222	0.854416372984939	285
20230720 205229	0	0	auto	depthwise	256	0	7.16421936789185	0.659859348719245	0.997956571189577	413	586	19	0.900016110017434	144	0.854331672881082	286
20230720 205256	0	0	auto	depthwise	256	0	7.16421936789185	0.313317964940222	0.393139585922055	906	955	14	0.999974749119461	35	0.855079699403058	287
20230720 205321	0	0	auto	depthwise	256	0	7.16421936789185	0.706498108339606	0.974479535255793	681	271	4	0.635666651528747	5	0.852422571026197	288
20230720 205433	0	0	auto	depthwise	256	0	7.16421936789185	0.696191718828387	0.99934549106094	170	984	69	0.76903289440242	368	0.853032614429768	289
20230720 205501	0	0	auto	depthwise	256	0	7.16421936789185	0.429874593177559	0.99269884065533	996	845	100	0.968765758887413	62	0.85251291869382	290
20230720 205736	0	0	auto	depthwise	256	0	7.16421936789185	0.0945485372284015	0.225215708915939	2	955	21	0.571904795704641	755	0.857611955548297	291
20230720 205900	0	0	auto	depthwise	256	0	7.16421936789185	0.338871344040886	0.22928563145405	2	301	60	0.25030200902049	445	0.853057436890602	292
20230720 210005	0	0	auto	depthwise	256	0	7.16421936789185	0.214709491281892	0.201947482059452	8	399	19	0.969899005335982	283	0.856852166888828	293
20230720 210118	0	0	auto	depthwise	256	0	7.16421936789185	0.393161739792327	0.200010818722483	103	81	24	0.662340089471336	339	0.855902329087815	294
20230720 210706	0	0	auto	depthwise	256	0	7.16421936789185	0.0361537486350589	0.495570128605145	2	955	21	0.584165300144113	1736	0.858193799371269	295
20230720 210727	0	0	auto	depthwise	256	0	7.16421936789185	0.319310101399436	0.999932735586565	80	912	59	0.9981420043116	13	0.855668987900424	296
20230720 210852	0	0	auto	depthwise	256	0	7.16421936789185	0.410541131376329	0.202770585638085	575	985	19	0.669400400822169	393	0.854338193280266	297
20230720 211137	0	0	auto	depthwise	256	0	7.16421936789185	0.0468640687701156	0.393780255199876	0	989	25	0.336100563095819	739	0.857267012685648	298
20230720 211205	0	0	auto	depthwise	256	0	7.16421936789185	0.832960135503972	0.997230007698886	63	272	100	0.999869743307995	1	0.851635725636192	299
20230720 211236	0	0	auto	depthwise	256	0	7.16421936789185	0.677171668900091	0.20058978474806	279	949	9	0.597041657560709	48	0.853552675899161	300
20230720 211453	0	0	auto	depthwise	256	0	7.16421936789185	0.0887922948639123	0.602707982323321	35	944	29	0.717262523959384	676	0.857596559808065	301
20230720 212507	0	0	auto	depthwise	256	0	7.16421936789185	0.0100328415223569	0.433356147200737	0	46	14	0.557595567587821	2779	0.858204244225334	302
20230720 212635	0	0	auto	depthwise	256	0	7.16421936789185	0.0370958380821403	0.442615662687745	53	969	17	0.999768685160916	161	0.857917518664043	303
20230720 212720	0	0	auto	depthwise	256	0	7.16421936789185	0.505822811711334	0.999996534914551	925	992	20	0.794338285363728	158	0.854166141850563	304
20230720 215009	0	0	auto	depthwise	256	0	7.16421936789185	0.0110426735178959	0.914734138199022	11	918	32	0.475537270812315	7601	0.857927534888626	305
20230720 215042	0	0	auto	depthwise	256	0	7.16421936789185	0.84122749895814	0.20138336250721	68	969	100	0.98652091457919	42	0.85041382937721	306
20230720 215153	0	0	auto	depthwise	256	0	7.16421936789185	0.428972652385195	0.200536679557238	143	585	43	0.875576068950036	348	0.854846180216105	307
20230720 215247	0	0	auto	depthwise	256	0	7.16421936789185	0.372461154755546	0.602770005551849	24	116	43	0.583435204298883	210	0.855693885644695	308
20230720 215320	0	0	auto	depthwise	256	0	7.16421936789185	0.820401068078583	0.202240902002966	289	706	40	0.96608352435992	87	0.851704671548376	309
20230720 215341	0	0	auto	depthwise	256	0	7.16421936789185	0.836095780956008	0.997901106987497	999	76	58	0.447379094239649	14	0.850273724801588	310
20230720 221830	0	0	auto	depthwise	256	0	7.16421936789185	0.0100620168007054	0.521711237023959	2	645	27	0.589228663944443	8296	0.858135173691589	311
20230720 221930	0	0	auto	depthwise	256	0	7.16421936789185	0.213712469592876	0.99908771293589	54	563	100	0.590353050357221	165	0.854501009828796	312
20230720 221950	0	0	auto	depthwise	256	0	7.16421936789185	0.832486235146643	0.893913757775691	4	974	100	0.25358146527114	1	0.846918458084944	313
20230720 222348	0	0	auto	depthwise	256	0	7.16421936789185	0.0599200135123325	0.204260762723532	1	1000	82	0.705466491058218	1316	0.854235874440568	314
20230720 222908	0	0	auto	depthwise	256	0	7.16421936789185	0.0574643557667796	0.999339970187019	4	944	100	0.793365032040368	1950	0.855140746719739	315
20230720 223137	0	0	auto	depthwise	256	0	7.16421936789185	0.0685359058565805	0.996860197161571	56	909	41	0.571320121541657	685	0.857069810340873	316
20230720 223214	0	0	auto	depthwise	256	0	7.16421936789185	0.120464223651007	0.998230305580265	640	573	100	0.999497289723418	95	0.854217900556863	317
20230720 223246	0	0	auto	depthwise	256	0	7.16421936789185	0.633441937881163	0.474656488373958	146	165	22	0.670523339944975	71	0.854588001519996	318
20230720 223904	0	0	auto	depthwise	256	0	7.16421936789185	0.0102721526718017	0.645846585585152	0	613	20	0.250885677759379	1551	0.857933245492188	319
20230720 223933	0	0	auto	depthwise	256	0	7.16421936789185	0.542629737695304	0.999932249500045	591	741	69	0.857857334082487	64	0.853389086311529	320
20230720 224043	0	0	auto	depthwise	256	0	7.16421936789185	0.678733480203537	0.999212414122439	40	3	82	0.259680958404742	290	0.852296954122223	321
20230720 224120	0	0	auto	depthwise	256	0	7.16421936789185	0.378475197296637	0.200665529788079	890	1000	100	0.741888195380537	105	0.850761468413398	322
20230720 225807	0	0	auto	depthwise	256	0	7.16421936789185	0.0101927374462841	0.403841817361056	2	769	20	0.569452202027682	5308	0.858392646129267	323
20230720 225932	0	0	auto	depthwise	256	0	7.16421936789185	0.161861060328799	0.999711298454294	622	2	100	0.476897342302989	328	0.852702382635522	324
20230720 230000	0	0	auto	depthwise	256	0	7.16421936789185	0.679209860144132	0.997016746677368	98	998	24	0.376697102402314	55	0.852528410254117	325
20230720 230113	0	0	auto	depthwise	256	0	7.16421936789185	0.216162433893938	0.478786870095073	102	361	21	0.82299481855211	311	0.85708088873701	326
20230720 230156	0	0	auto	depthwise	256	0	7.16421936789185	0.207636758632593	0.200754441858153	418	998	6	0.999152397732025	102	0.855662203657409	327
20230720 230236	0	0	auto	depthwise	256	0	7.16421936789185	0.105807031224306	0.578954462406237	938	696	68	0.988034534725494	82	0.854461640666176	328
20230720 232940	0	0	auto	depthwise	256	0	7.16421936789185	0.0107914368873331	0.57986682365099	11	18	21	0.769170473052931	9999	0.858363649618	329
20230720 233029	0	0	auto	depthwise	256	0	7.16421936789185	0.214711827753568	0.736927182457759	996	994	0	0.999437536862432	39	0.855306677264265	330
20230720 233123	0	0	auto	depthwise	256	0	7.16421936789185	0.674983162285787	0.999778061158217	724	996	100	0.511740347751926	231	0.851041346498099	331
20230720 233215	0	0	auto	depthwise	256	0	7.16421936789185	0.349818019493476	0.217520572104058	1000	7	0	0.702421700548442	138	0.853045601650671	332
20230720 235406	0	0	auto	depthwise	256	0	7.16421936789185	0.0109027616116045	0.583756472918333	1	983	21	0.608869269583813	7251	0.858371090803676	333
20230721 001306	0	0	auto	depthwise	256	0	7.16421936789185	0.0104269299652964	0.505977483500879	11	912	20	0.588253873516978	6086	0.858420606162472	334
20230721 001414	0	0	auto	depthwise	256	0	7.16421936789185	0.388633485587724	0.474313129618172	93	189	24	0.999352937972168	250	0.856458341514573	335
20230721 001529	0	0	auto	depthwise	256	0	7.16421936789185	0.0773531967169702	0.999206036759069	53	414	65	0.985598283954203	324	0.855898472542437	336
20230721 001630	0	0	auto	depthwise	256	0	7.16421936789185	0.829145009359313	0.996522955155802	537	2	26	0.615965400093417	256	0.854673356862465	337
20230721 001718	0	0	auto	depthwise	256	0	7.16421936789185	0.299080184180614	0.998725190316838	101	790	88	0.251009496500159	194	0.852231333759397	338
20230721 002908	0	0	auto	depthwise	256	0	7.16421936789185	0.0181568084131735	0.37796828612772	0	898	21	0.583313811940574	3823	0.858254240710457	339
20230721 003057	0	0	auto	depthwise	256	0	7.16421936789185	0.0623628334200933	0.211007461441658	8	50	7	0.588309216175138	305	0.85691799941262	340
20230721 003128	0	0	auto	depthwise	256	0	7.16421936789185	0.128107858950072	0.998433500770995	675	183	21	0.999984085287845	40	0.85600141323666	341
20230721 003149	0	0	auto	depthwise	256	0	7.16421936789185	0.402524021038474	0.873498519983548	1	116	100	0.999717278610767	12	0.854130471144214	342
20230721 003238	0	0	auto	depthwise	256	0	7.16421936789185	0.487646598886837	0.998610332708479	2	3	100	0.576512470771882	184	0.853513375154653	343
20230721 003348	0	0	auto	depthwise	256	0	7.16421936789185	0.515377153708028	0.383040854829489	91	872	25	0.994779450398639	338	0.85608827926295	344
20230721 004011	0	0	auto	depthwise	256	0	7.16421936789185	0.010153954850159	0.200681012960968	132	534	94	0.999957504335309	1793	0.853917195891543	345
20230721 004119	0	0	auto	depthwise	256	0	7.16421936789185	0.198341048413072	0.200254397203566	713	383	0	0.250416292325801	141	0.85084777075321	346
20230721 004230	0	0	auto	depthwise	256	0	7.16421936789185	0.251835450498027	0.997852848797289	1	4	68	0.487187243384655	311	0.855233822414176	347
20230721 004259	0	0	auto	depthwise	256	0	7.16421936789185	0.546905270796523	0.582317540622121	1000	4	7	0.752422498104434	42	0.854018357111561	348
20230721 004359	0	0	auto	depthwise	256	0	7.16421936789185	0.190025606462412	0.997678270620138	110	998	35	0.709294783456997	235	0.856896827207167	349
20230721 004440	0	0	auto	depthwise	256	0	7.16421936789185	0.123650788471466	0.916407739295152	1000	998	8	0.650073558751	57	0.854301294344963	350
20230721 004545	0	0	auto	depthwise	256	0	7.16421936789185	0.265496553884987	0.969703285736297	84	130	34	0.692304059852813	279	0.856888467296141	351
20230721 004617	0	0	auto	depthwise	256	0	7.16421936789185	0.781825309109371	0.915117280169006	398	3	47	0.539424863475901	69	0.853549013870439	352
20230721 004741	0	0	auto	depthwise	256	0	7.16421936789185	0.506119293962014	0.427726878546684	135	1000	59	0.789203944443908	436	0.85478295541427	353
20230721 004920	0	0	auto	depthwise	256	0	7.16421936789185	0.126795469751509	0.950444174239728	297	994	32	0.598007604220154	460	0.855818401650028	354
20230721 005028	0	0	auto	depthwise	256	0	7.16421936789185	0.174305256107542	0.999470634498441	38	106	32	0.692560908846052	278	0.857158550204215	355
20230721 005115	0	0	auto	depthwise	256	0	7.16421936789185	0.537871843856439	0.200053442005359	116	128	22	0.999020764647322	96	0.855535534513615	356
20230721 005145	0	0	auto	depthwise	256	0	7.16421936789185	0.207998182746693	0.806206068848296	594	53	9	0.990663102882354	31	0.856268671510089	357
20230721 010335	0	0	auto	depthwise	256	0	7.16421936789185	0.0104882822137282	0.211466201583874	0	25	58	0.98910750389049	3883	0.855742510132789	358
20230721 010416	0	0	auto	depthwise	256	0	7.16421936789185	0.660982539366519	0.201075069582333	1000	875	5	0.999387572593551	69	0.853146918865047	359
20230721 010717	0	0	auto	depthwise	256	0	7.16421936789185	0.149539192507339	0.234874914256206	42	998	21	0.789905227406663	971	0.857562378345225	360
20230721 010800	0	0	auto	depthwise	256	0	7.16421936789185	0.25662306095487	0.661795496181701	609	3	93	0.997641554299536	161	0.853635668574478	361
20230721 010852	0	0	auto	depthwise	256	0	7.16421936789185	0.833363179743143	0.201202538855262	636	2	76	0.383372204346435	216	0.848419936679573	362
20230721 010912	0	0	auto	depthwise	256	0	7.16421936789185	0.736833458366696	0.996842919801527	665	425	100	0.999727188560537	16	0.85181440965821	363
20230721 013052	0	0	auto	depthwise	256	0	7.16421936789185	0.0101453823449908	0.503219219769563	4	401	20	0.615863949605078	7157	0.85844785180183	364
20230721 013604	0	0	auto	depthwise	256	0	7.16421936789185	0.0105477320715902	0.456146111135046	960	969	6	0.99941062096074	1046	0.855691756339481	365
20230721 013916	0	0	auto	depthwise	256	0	7.16421936789185	0.176393175091373	0.201600361501015	36	997	47	0.482776817913994	1060	0.855633311375168	366
20230721 014022	0	0	auto	depthwise	256	0	7.16421936789185	0.393066337753437	0.945538509836848	968	5	82	0.53793853426771	298	0.851230972987105	367
20230721 015441	0	0	auto	depthwise	256	0	7.16421936789185	0.0101104160092031	0.757339813619664	22	182	22	0.397680633244353	4407	0.85805338086731	368
20230721 015714	0	0	auto	depthwise	256	0	7.16421936789185	0.103707888141891	0.59413302046622	33	2	67	0.768590238879797	789	0.85530415201549	369
20230721 015738	0	0	auto	depthwise	256	0	7.16421936789185	0.81499757758983	0.59890795646465	753	3	29	0.999145146501569	32	0.853102988707555	370
20230721 015806	0	0	auto	depthwise	256	0	7.16421936789185	0.456815388069456	0.444799601388458	999	997	63	0.997380466897443	47	0.853199600269352	371
20230721 022417	0	0	auto	depthwise	256	0	7.16421936789185	0.0101412266339761	0.896051095521151	0	451	50	0.740542361314849	9997	0.857009821694657	372
20230721 022455	0	0	auto	depthwise	256	0	7.16421936789185	0.398305373276673	0.808501029015034	1000	831	15	0.998960235005604	16	0.855126259179952	373
20230721 022559	0	0	auto	depthwise	256	0	7.16421936789185	0.706828075125376	0.579591795151925	31	2	100	0.629143745457665	289	0.852882625027173	374
20230721 022634	0	0	auto	depthwise	256	0	7.16421936789185	0.869710174574663	0.239957494167277	998	998	100	0.536027312570128	100	0.847105226436229	375
20230721 025343	0	0	auto	depthwise	256	0	7.16421936789185	0.0100203929372822	0.678704887599911	8	999	27	0.725900475168594	9963	0.858161211252132	376
20230721 025552	0	0	auto	depthwise	256	0	7.16421936789185	0.20676543427906	0.201760308558389	36	2	20	0.838623003044775	627	0.856316341310246	377
20230721 031501	0	0	auto	depthwise	256	0	7.16421936789185	0.0102274261415728	0.744371844201385	1	15	25	0.498250014617896	6201	0.858236452177734	378
20230721 033158	0	0	auto	depthwise	256	0	7.16421936789185	0.0101455879557909	0.392334595427606	12	402	17	0.592564362111156	5367	0.858475934121099	379
20230721 033251	0	0	auto	depthwise	256	0	7.16421936789185	0.629970830130918	0.99899383318488	98	836	46	0.633335694092357	165	0.854415601871567	380
20230721 033321	0	0	auto	depthwise	256	0	7.16421936789185	0.795276638196849	0.999658321238618	470	321	17	0.998331286079818	71	0.854504064686007	381
20230721 033734	0	0	auto	depthwise	256	0	7.16421936789185	0.0409077960397839	0.717272820858564	7	975	32	0.592814936573751	1298	0.857864025203556	382
20230721 034034	0	0	auto	depthwise	256	0	7.16421936789185	0.107618072782427	0.996688217054279	5	32	48	0.460984395831769	975	0.85700364511686	383
20230721 035126	0	0	auto	depthwise	256	0	7.16421936789185	0.0100634847069074	0.36977665340823	4	396	14	0.641862360259395	3176	0.858480429872751	384
20230721 035244	0	0	auto	depthwise	256	0	7.16421936789185	0.345524683412942	0.999849380965735	85	143	29	0.965918060916894	268	0.856985375864633	385
20230721 035313	0	0	auto	depthwise	256	0	7.16421936789185	0.472278006693067	0.733541118346891	113	991	44	0.499707890679283	42	0.854840666480573	386
20230721 035338	0	0	auto	depthwise	256	0	7.16421936789185	0.670014907369838	0.998789200044895	166	284	35	0.998329494837666	49	0.854360813262312	387
20230721 041805	0	0	auto	depthwise	256	0	7.16421936789185	0.0100834406383551	0.783663389590607	18	76	21	0.586815182886615	8240	0.858324208186373	388
20230721 041855	0	0	auto	depthwise	256	0	7.16421936789185	0.157629067638913	0.631145549311891	887	1000	56	0.514979266703985	86	0.852591040629869	389
20230721 042359	0	0	auto	depthwise	256	0	7.16421936789185	0.0104198060869082	0.410136545595968	974	30	0	0.988583455083153	732	0.855423613345013	390
20230721 042851	0	0	auto	depthwise	256	0	7.16421936789185	0.0100649795462396	0.511047753828991	596	786	54	0.999251782577329	1250	0.855285526415855	391
20230721 043030	0	0	auto	depthwise	256	0	7.16421936789185	0.15694046729754	0.671835467226595	0	1000	96	0.611269563121877	437	0.854841606012282	392
20230721 043100	0	0	auto	depthwise	256	0	7.16421936789185	0.446920964496356	0.333522711121746	881	64	6	0.999212214307559	48	0.854865080151063	393
20230721 043132	0	0	auto	depthwise	256	0	7.16421936789185	0.267669148387413	0.490030415482796	999	315	1	0.999629121276682	27	0.855026888320452	394
20230721 045438	0	0	auto	depthwise	256	0	7.16421936789185	0.0100671965306353	0.271138497851656	27	360	14	0.584851253930763	7578	0.858223732383264	395
20230721 045517	0	0	auto	depthwise	256	0	7.16421936789185	0.307151629065495	0.200603313745623	619	1000	72	0.997457411349345	54	0.853251825893524	396
20230721 045641	0	0	auto	depthwise	256	0	7.16421936789185	0.274379181663233	0.981660106353793	549	993	100	0.604831037603511	427	0.853778684968309	397
20230721 051454	0	0	auto	depthwise	256	0	7.16421936789185	0.0101859145829588	0.881791301820827	44	857	23	0.999829434850244	6559	0.857475971762504	398
20230721 054301	0	0	auto	depthwise	256	0	7.16421936789185	0.0101458623768304	0.857984593637287	0	257	33	0.476336380631239	9997	0.857907576089731	399
20230721 054338	0	0	auto	depthwise	256	0	7.16421936789185	0.209532152473101	0.999915500899278	86	1000	94	0.997086029665452	37	0.855094490108876	400
20230721 054444	0	0	auto	depthwise	256	0	7.16421936789185	0.76673351596783	0.20144846096985	140	999	21	0.665574630282422	293	0.854088505283976	401
20230721 054731	0	0	auto	depthwise	256	0	7.16421936789185	0.0103606447084044	0.616643271133292	1000	566	100	0.998828284073318	437	0.853901377422787	402
20230721 061433	0	0	auto	depthwise	256	0	7.16421936789185	0.0104099993265842	0.784360263666813	1	15	43	0.253884797260053	9957	0.857016189581339	403
20230721 061517	0	0	auto	depthwise	256	0	7.16421936789185	0.338322828972145	0.20669937984536	0	405	100	0.999496678697286	55	0.853419623792604	404
20230721 063941	0	0	auto	depthwise	256	0	7.16421936789185	0.0100453719287244	0.895475931553112	10	11	26	0.59952504810091	8238	0.858130687878888	405
20230721 070310	0	0	auto	depthwise	256	0	7.16421936789185	0.0100322540017801	0.998296112966241	852	2	0	0.59345494299067	7555	0.85423120897799	406
20230721 072455	0	0	auto	depthwise	256	0	7.16421936789185	0.0101881221751509	0.814344621836046	0	63	26	0.448555211413591	7098	0.858189192516701	407
20230721 074858	0	0	auto	depthwise	256	0	7.16421936789185	0.0100383497991997	0.861638655754936	58	5	22	0.999867140001098	8908	0.856973171803861	408
20230721 081559	0	0	auto	depthwise	256	0	7.16421936789185	0.0100463933516138	0.995683375479003	1	873	32	0.737119052138525	9979	0.857761084165015	409
20230721 081815	0	0	auto	depthwise	256	0	7.16421936789185	0.166604167377845	0.768453320209385	75	999	43	0.85397688306126	656	0.856804714964425	410
20230721 081835	0	0	auto	depthwise	256	0	7.16421936789185	0.651656946160727	0.749735012186863	1000	951	100	0.997858219661374	8	0.851737289682231	411
20230721 082015	0	0	auto	depthwise	256	0	7.16421936789185	0.547986994513878	0.201541854617234	102	931	21	0.751323469607544	501	0.855575549926557	412
20230721 082814	0	0	auto	depthwise	256	0	7.16421936789185	0.0100527090675736	0.56292042336368	1	962	20	0.263995128193073	2160	0.858001469066919	413
20230721 085406	0	0	auto	depthwise	256	0	7.16421936789185	0.0101125783570694	0.212352091542556	1000	230	64	0.809282130066345	9996	0.853371784914739	414
20230721 090237	0	0	auto	depthwise	256	0	7.16421936789185	0.0244664070335605	0.481213268317777	11	942	20	0.735596403068522	2712	0.858393352093387	415
20230721 092936	0	0	auto	depthwise	256	0	7.16421936789185	0.0101007013066251	0.439959211260345	2	401	20	0.759364295348126	9978	0.858397318709673	416
20230721 093030	0	0	auto	depthwise	256	0	7.16421936789185	0.556185906234764	0.727458423474919	127	94	86	0.581457882135834	171	0.85220690651733	417
20230721 093052	0	0	auto	depthwise	256	0	7.16421936789185	0.820720937366524	0.419140269079462	640	999	80	0.999371456638227	18	0.85072724669376	418
20230721 095501	0	0	auto	depthwise	256	0	7.16421936789185	0.0103489137225536	0.755081264139417	9	218	26	0.603321599124036	8217	0.858215484918398	419
20230721 102116	0	0	auto	depthwise	256	0	7.16421936789185	0.0103458038953297	0.336258425514219	3	24	57	0.250378971779411	9996	0.855347512267856	420
20230721 102202	0	0	auto	depthwise	256	0	7.16421936789185	0.216510159384787	0.8373759613613	1	262	77	0.999668796020873	75	0.855642253195641	421
20230721 103731	0	0	auto	depthwise	256	0	7.16421936789185	0.0109548808251583	0.559623103353893	18	152	20	0.646479557436403	5061	0.858358708452005	422
20230721 103827	0	0	auto	depthwise	256	0	7.16421936789185	0.400750660282738	0.994790524786812	603	30	20	0.667875953499977	162	0.855150130607188	423
20230721 104827	0	0	auto	depthwise	256	0	7.16421936789185	0.0333001209571621	0.979715168643169	0	757	54	0.487380621438524	3492	0.85678149469343	424
20230721 105441	0	0	auto	depthwise	256	0	7.16421936789185	0.0198887859514159	0.205391216808578	14	938	9	0.963280094271913	1824	0.857976301118729	425
20230721 105518	0	0	auto	depthwise	256	0	7.16421936789185	0.214443710090095	0.646841795582657	816	49	6	0.614292463073609	41	0.854322788541765	426
20230721 112247	0	0	auto	depthwise	256	0	7.16421936789185	0.010113313081463	0.391584978606736	13	964	19	0.697897261401141	9960	0.858418257047124	427
20230721 112509	0	0	auto	depthwise	256	0	7.16421936789185	0.219992649109984	0.577250760549121	24	999	34	0.65993570727442	701	0.857135520254705	428
20230721 113830	0	0	auto	depthwise	256	0	7.16421936789185	0.0104685918681399	0.584424901417904	15	770	21	0.446610430974672	4104	0.858315623289538	429
20230721 115730	0	0	auto	depthwise	256	0	7.16421936789185	0.0102790341188207	0.38392052747806	16	781	13	0.73732565447981	6278	0.858516721017015	430
20230721 115824	0	0	auto	depthwise	256	0	7.16421936789185	0.456422840025038	0.999142254560662	130	46	46	0.699518245589203	148	0.855297342336404	431
20230721 121331	0	0	auto	depthwise	256	0	7.16421936789185	0.010355004532897	0.396727135637531	39	911	12	0.975630954894609	5062	0.858285445196151	432
20230721 121418	0	0	auto	depthwise	256	0	7.16421936789185	0.148613911078281	0.837926247078681	551	782	20	0.998608718042541	42	0.856104579382845	433
20230721 123309	0	0	auto	depthwise	256	0	7.16421936789185	0.0102683662840808	0.942464819128012	17	256	24	0.505960553511057	6129	0.85820392834216	434
20230721 123357	0	0	auto	depthwise	256	0	7.16421936789185	0.819065847880602	0.999160497234231	486	952	18	0.599033166965014	57	0.853643045139617	435
20230721 123509	0	0	auto	depthwise	256	0	7.16421936789185	0.466129677502175	0.256662977394405	22	309	26	0.739407191913552	315	0.85604475841785	436
20230721 123557	0	0	auto	depthwise	256	0	7.16421936789185	0.348348599480792	0.203026255715768	12	59	17	0.996569443691422	140	0.856342900009719	437
20230721 123733	0	0	auto	depthwise	256	0	7.16421936789185	0.20022573667488	0.613226200618129	25	447	45	0.61069528053753	449	0.856816039300832	438
20230721 123818	0	0	auto	depthwise	256	0	7.16421936789185	0.190587164004065	0.508850671232276	513	999	13	0.569306679143653	107	0.855658899251248	439
20230721 123853	0	0	auto	depthwise	256	0	7.16421936789185	0.356054282783031	0.891579508824931	9	271	42	0.999496870748091	73	0.855663065217835	440
20230721 125722	0	0	auto	depthwise	256	0	7.16421936789185	0.0103679448707896	0.615137558341451	12	70	21	0.589850986129712	6090	0.858385824876749	441
